obs   ozone   radiation   temperature   wind
 1  3.45 190.00 67.00 7.40
 2  3.30 118.00 72.00 8.00
 3  2.29 149.00 74.00 12.60
 4  2.62 313.00 62.00 11.50
 5  2.84 299.00 65.00 8.60
 6  2.67 99.00 59.00 13.80
 7  2.00 19.00 61.00 20.10
 8  2.52 256.00 69.00 9.70
 9  2.22 290.00 66.00 9.20
 10  2.41 274.00 68.00 10.90
 11  2.62 65.00 58.00 13.20
 12  2.41 334.00 64.00 11.50
 13  3.24 307.00 66.00 12.00
 14  1.82 78.00 57.00 18.40
 15  3.11 322.00 68.00 11.50
 16  2.22 44.00 62.00 9.70
 17  1.00 8.00 59.00 9.70
 18  2.22 320.00 73.00 16.60
 19  1.59 25.00 61.00 9.70
 20  3.17 92.00 61.00 12.00
 21  2.84 13.00 67.00 12.00
 22  3.56 252.00 81.00 14.90
 23  4.86 223.00 79.00 5.70
 24  3.33 279.00 76.00 7.40
 25  3.07 127.00 82.00 9.70
 26  4.14 291.00 90.00 13.80
 27  3.39 323.00 87.00 11.50
 28  2.84 148.00 82.00 8.00
 29  2.76 191.00 77.00 14.90
 30  3.33 284.00 72.00 20.70
 31  2.71 37.00 65.00 9.20
 32  2.29 120.00 73.00 11.50
 33  2.35 137.00 76.00 10.30
 34  5.13 269.00 84.00 4.00
 35  3.66 248.00 85.00 9.20
 36  3.17 236.00 81.00 9.20
 37  4.00 175.00 83.00 4.60
 38  3.42 314.00 83.00 10.90
 39  4.25 276.00 88.00 5.10
 40  4.59 267.00 92.00 6.30
 41  4.59 272.00 92.00 5.70
 42  4.40 175.00 89.00 7.40
 43  2.15 264.00 73.00 14.30
 44  3.00 175.00 81.00 14.90
 45  1.91 48.00 80.00 14.30
 46  3.63 260.00 81.00 6.90
 47  3.27 274.00 82.00 10.30
 48  3.94 285.00 84.00 6.30
 49  4.29 187.00 87.00 5.10
 50  3.98 220.00 85.00 11.50
 51  2.52 7.00 74.00 6.90
 52  4.31 294.00 86.00 8.60
 53  4.76 223.00 85.00 8.00
 54  2.71 81.00 82.00 8.60
 55  3.73 82.00 86.00 12.00
 56  4.34 213.00 88.00 7.40
 57  3.68 275.00 86.00 7.40
 58  4.00 253.00 83.00 7.40
 59  3.89 254.00 81.00 9.20
 60  3.39 83.00 81.00 6.90
 61  2.08 24.00 81.00 13.80
 62  2.52 77.00 82.00 7.40
 63  4.96 255.00 89.00 4.00
 64  4.46 229.00 90.00 10.30
 65  4.79 207.00 90.00 8.00
 66  3.53 192.00 86.00 11.50
 67  3.04 273.00 82.00 11.50
 68  4.02 157.00 80.00 9.70
 69  2.80 71.00 77.00 10.30
 70  3.89 51.00 79.00 6.30
 71  2.84 115.00 76.00 7.40
 72  3.14 244.00 78.00 10.90
 73  3.53 190.00 78.00 10.30
 74  2.76 259.00 77.00 15.50
 75  2.08 36.00 72.00 14.30
 76  3.56 212.00 79.00 9.70
 77  5.52 238.00 81.00 3.40
 78  4.18 215.00 86.00 8.00
 79  4.24 203.00 97.00 9.70
 80  4.90 225.00 94.00 2.30
 81  4.38 237.00 96.00 6.30
 82  4.40 188.00 94.00 6.30
 83  4.58 167.00 91.00 6.90
 84  4.27 197.00 92.00 5.10
 85  4.18 183.00 93.00 2.80
 86  4.50 189.00 93.00 4.60
 87  3.61 95.00 87.00 7.40
 88  3.17 92.00 84.00 15.50
 89  2.71 252.00 80.00 10.90
 90  2.84 220.00 78.00 10.30
 91  2.76 230.00 75.00 10.90
 92  2.88 259.00 73.00 9.70
 93  3.53 236.00 81.00 14.90
 94  2.76 259.00 76.00 15.50
 95  3.04 238.00 77.00 6.30
 96  2.08 24.00 71.00 10.90
 97  2.35 112.00 71.00 11.50
 98  3.58 237.00 78.00 6.90
 99  2.62 224.00 67.00 13.80
 100  2.35 27.00 76.00 10.30
 101  2.88 238.00 68.00 10.30
 102  2.52 201.00 82.00 8.00
 103  2.35 238.00 64.00 12.60
 104  2.84 14.00 71.00 9.20
 105  3.30 139.00 81.00 10.30
 106  1.91 49.00 69.00 10.30
 107  2.41 20.00 63.00 16.60
 108  3.11 193.00 70.00 6.90
 109  2.41 191.00 75.00 14.30
 110  2.62 131.00 76.00 8.00
 111  2.71 223.00 68.00 11.50
